Using 4 thread(s).
RNG seed: 8205225641934646363
BLAS Core: built-in Eigen 3.3.90 library.
Detecting residual layers...v1...32 channels...4 blocks.
Initializing CPU-only evaluation.
Setting max tree size to 4384 MiB and cache size to 487 MiB.
-150.000000 150.000000 0.500000
->
-75.000000 75.000000 5.000000
= 

= 

= 

= 

= 

komi--75.00 policy W
  1   3   2   1   1   1   0   0   0   0   0   0   0   1   1   0   0   1   0 
  2   0   0   1   0   0   0   0   0   0   0   0   0   0   0   0   0   0   1 
  0   0  14   4   0  32   0   0   0   0   0   0   0   3   0   0   0   0   1 
  2   0  42   0   1  63   0   1   0   0   0   0   0  22   1   0   0   0   1 
  2   8   1   0   0   4   0   0   0   0   0   0   0   0   0   0   1   0   1 
  5   1  81  26   1   0   0   0   0   0   0   0   0   0   0   3   1   0   1 
  7   3   6   2   1   1   0   0   0   0   0   0   0   0   0   0   0   0   1 
  7   1   5   3   2   0   0   0   0   0   0   0   0   0   0   0   0   0   1 
  5   1   1   1   1   0   0   0   0   0   0   0   0   0   0   0   0   0   1 
  5   0   0   1   0   0   0   0   0   0   0   0   0   0   0   0   0   0   1 
  4   1   1   2   1   0   0   0   0   0   0   0   0   0   0   0   0   0   1 
  5   1   4   1   0   0   0   0   0   0   0   0   0   0   0   0   2   1   2 
  7   9  52   3   1   1   0   0   0   0   0   0   0   0   0   0   1   0   2 
  6  10  48  48   2   1   1   0   0   0   0   0   0   0   0  17   5   0   2 
  5   1   0   2   0   2   0   0   0   0   0   0   0   0   0   0   4   0   1 
  3   1   8   0   0  15   0   0   0   0   0   0   0  20   0   0   1   2   1 
  5   1  24   0   0  25   1   0   0   0   0   1   0   4   0   3   2   0   1 
  3   3   1   0   0   0   0   0   0   0   0   0   0   0   0   1   0   0   1 
  2   4   2   1   2   1   1   0   0   0   0   0   0   0   1   1   0   0   1 
pass: 56
winrate: 0.104264
komi--70.00 policy W
  1   3   1   1   1   0   0   0   0   0   0   0   0   1   1   0   0   1   0 
  2   0   0   1   0   0   0   0   0   0   0   0   0   0   0   0   0   0   1 
  0   0  11   2   0  46   0   0   0   0   0   0   0   6   0   0   0   0   1 
  1   0  22   0   1  61   0   1   0   0   0   0   0  29   1   0   0   0   0 
  2   7   0   0   0   3   0   0   0   0   0   0   0   0   0   0   1   0   1 
  5   1 101  20   1   0   0   0   0   0   0   0   0   0   0   5   2   0   1 
  5   3   6   1   1   0   0   0   0   0   0   0   0   0   0   0   1   0   1 
  5   1   4   2   2   0   0   0   0   0   0   0   0   0   0   0   1   0   1 
  4   1   1   1   1   0   0   0   0   0   0   0   0   0   0   0   0   0   1 
  4   0   0   1   0   0   0   0   0   0   0   0   0   0   0   0   0   0   1 
  4   1   1   1   1   0   0   0   0   0   0   0   0   0   0   0   0   0   1 
  4   1   4   0   0   0   0   0   0   0   0   0   0   0   0   0   2   1   2 
  6   8  46   3   1   1   0   0   0   0   0   0   0   0   0   0   2   0   1 
  5   9  47  40   2   1   1   0   0   0   0   0   0   0   0  22  12   0   2 
  4   1   0   1   0   1   0   0   0   0   0   0   0   0   0   0   3   1   1 
  3   1   7   0   0  12   0   0   0   0   0   0   0  26   0   0   2   2   1 
  5   1  23   0   0  28   1   0   0   0   0   1   0  13   0   4   5   0   1 
  3   3   1   0   0   0   0   0   0   0   0   0   0   1   0   2   0   0   1 
  2   4   1   1   1   1   1   0   0   0   0   0   0   0   1   1   1   1   1 
pass: 42
winrate: 0.114290
komi--65.00 policy W
  1   2   1   1   1   0   0   0   0   0   0   0   0   1   1   0   0   1   0 
  2   0   0   0   0   0   1   0   0   0   0   0   0   0   0   0   0   0   1 
  0   0   8   1   0  59   1   0   0   0   0   1   0  11   0   0   0   0   0 
  1   0  12   0   1  58   0   1   0   0   0   0   0  32   1   0   0   0   0 
  1   6   0   0   0   3   0   0   0   0   0   0   0   0   0   0   1   0   0 
  4   1 128  18   0   0   0   0   0   0   0   0   0   0   0   7   4   0   1 
  4   2   5   1   1   0   0   0   0   0   0   0   0   0   0   0   1   0   1 
  4   1   4   1   2   0   0   0   0   0   0   0   0   0   0   0   1   0   1 
  3   1   0   1   0   0   0   0   0   0   0   0   0   0   0   0   0   0   1 
  3   0   0   1   0   0   0   0   0   0   0   0   0   0   0   0   0   0   1 
  3   1   1   1   1   0   0   0   0   0   0   0   0   0   0   0   0   0   1 
  3   1   4   0   0   0   0   0   0   0   0   0   0   0   0   0   2   1   1 
  5   6  36   2   1   1   0   0   0   0   0   0   0   0   0   1   2   0   1 
  4   8  51  31   1   1   1   0   0   0   0   0   0   0   0  23  21   1   1 
  3   1   0   1   0   1   0   0   0   0   0   0   0   0   0   0   3   1   1 
  2   1   5   0   0   9   0   0   0   0   0   0   0  31   0   0   2   3   1 
  4   1  19   0   0  25   1   0   0   0   0   1   0  26   0   4   9   0   1 
  2   2   1   0   1   0   0   1   0   0   0   0   0   1   0   3   0   0   1 
  2   3   1   1   1   1   1   0   0   0   0   0   0   0   1   1   1   1   1 
pass: 29
winrate: 0.127029
komi--60.00 policy W
  1   2   1   1   1   0   0   0   0   0   0   0   0   1   0   0   0   1   0 
  1   0   0   0   0   0   1   0   0   0   0   0   0   0   0   0   0   0   0 
  0   0   6   0   0  70   0   0   0   0   0   1   0  17   0   0   0   0   0 
  1   0   6   0   1  52   0   1   0   0   0   0   0  30   0   0   0   0   0 
  1   5   0   0   0   3   0   0   0   0   0   0   0   0   0   0   0   0   0 
  3   1 168  17   0   0   0   0   0   0   0   0   0   0   0   9   7   0   0 
  3   2   4   1   1   0   0   0   0   0   0   0   0   0   0   1   1   0   1 
  3   1   4   1   1   0   0   0   0   0   0   0   0   0   0   0   1   0   0 
  2   1   0   1   0   0   0   0   0   0   0   0   0   0   0   0   0   0   0 
  3   0   0   0   0   0   0   0   0   0   0   0   0   0   0   0   0   0   1 
  2   1   1   1   1   0   0   0   0   0   0   0   0   0   0   0   0   0   1 
  2   1   4   0   0   0   0   0   0   0   0   0   0   0   0   0   2   0   1 
  4   5  28   2   1   0   0   0   0   0   0   0   0   0   0   1   1   0   1 
  3   6  58  27   1   1   0   0   0   0   0   0   0   0   0  19  29   1   1 
  2   1   0   1   0   1   0   0   0   0   0   0   0   0   0   0   1   1   1 
  2   0   4   0   0   8   0   0   0   0   0   0   0  32   0   0   2   2   1 
  3   1  14   0   0  23   0   0   0   0   0   1   0  35   0   2  10   0   1 
  2   2   0   0   1   0   0   0   0   0   0   0   0   1   0   3   0   0   1 
  1   2   1   1   1   1   0   0   0   0   0   0   0   0   1   1   1   1   1 
pass: 20
winrate: 0.138226
komi--55.00 policy W
  0   1   1   0   0   0   0   0   0   0   0   0   0   0   0   0   0   0   0 
  1   0   0   0   0   0   1   0   0   0   0   0   0   0   0   0   0   0   0 
  0   0   5   0   0  81   0   1   0   0   0   1   0  25   0   0   0   0   0 
  1   0   3   0   1  51   0   1   0   0   0   0   0  29   0   0   0   0   0 
  1   5   0   0   0   2   0   0   0   0   0   0   0   0   0   0   0   0   0 
  2   1 216  18   0   0   0   0   0   0   0   0   0   0   0   9  11   0   0 
  2   1   4   1   1   0   0   0   0   0   0   0   0   0   0   0   1   0   0 
  2   1   4   1   1   0   0   0   0   0   0   0   0   0   0   0   2   0   0 
  2   0   0   0   0   0   0   0   0   0   0   0   0   0   0   0   0   0   0 
  2   0   0   0   0   0   0   0   0   0   0   0   0   0   0   0   0   0   0 
  2   1   1   1   1   0   0   0   0   0   0   0   0   0   0   0   0   0   1 
  2   1   4   0   0   0   0   0   0   0   0   0   0   0   0   0   2   0   1 
  2   4  20   1   1   0   0   0   0   0   0   0   0   0   0   1   1   0   1 
  2   5  62  21   0   1   0   0   0   0   0   0   0   0   0  15  38   1   1 
  2   1   0   0   0   0   0   0   0   0   0   0   0   0   0   0   1   1   0 
  1   0   3   0   0   7   0   0   0   0   0   0   0  32   0   0   2   2   1 
  2   0  11   0   0  20   0   0   0   0   0   1   0  40   0   1  10   0   1 
  1   1   0   0   1   0   0   0   0   0   0   0   0   1   0   2   0   0   0 
  1   1   1   1   1   1   0   0   0   0   0   0   0   0   0   1   0   0   0 
pass: 12
winrate: 0.151685
komi--50.00 policy W
  0   1   0   0   0   0   0   0   0   0   0   0   0   0   0   0   0   0   0 
  1   0   0   0   0   0   1   0   0   0   0   0   0   0   0   0   0   0   0 
  0   0   3   0   0  80   0   1   0   0   0   1   0  30   0   0   1   0   0 
  0   0   1   0   1  48   0   0   0   0   0   0   0  27   0   0   0   0   0 
  0   4   0   0   0   2   0   0   0   0   0   0   0   0   0   0   0   0   0 
  1   1 286  16   0   0   0   0   0   0   0   0   0   0   0   8  17   0   0 
  1   1   3   1   0   0   0   0   0   0   0   0   0   0   0   0   1   0   0 
  1   0   3   1   1   0   0   0   0   0   0   0   0   0   0   0   2   0   0 
  1   0   0   0   0   0   0   0   0   0   0   0   0   0   0   0   0   0   0 
  1   0   0   0   0   0   0   0   0   0   0   0   0   0   0   0   0   0   0 
  1   0   0   0   0   0   0   0   0   0   0   0   0   0   0   0   0   0   0 
  1   0   4   0   0   0   0   0   0   0   0   0   0   0   0   0   3   0   0 
  2   3  12   1   0   0   0   0   0   0   0   0   0   0   0   1   1   0   0 
  1   4  55  16   0   0   0   0   0   0   0   0   0   0   0  11  50   1   0 
  1   1   0   0   0   0   0   0   0   0   0   0   0   0   0   0   0   0   0 
  1   0   2   0   0   5   0   0   0   0   0   0   0  28   0   0   2   1   1 
  1   0   7   0   0  16   0   0   0   0   0   0   0  47   0   1   8   0   0 
  1   1   0   0   0   0   0   0   0   0   0   0   0   0   0   2   0   0   0 
  0   1   0   0   0   0   0   0   0   0   0   0   0   0   0   0   0   0   0 
pass: 7
winrate: 0.166760
komi--45.00 policy W
  0   0   0   0   0   0   0   0   0   0   0   0   0   0   0   0   0   0   0 
  0   0   0   0   0   0   1   0   0   0   0   0   0   0   0   0   0   0   0 
  0   0   3   0   0  73   0   1   0   0   0   1   0  37   0   0   1   0   0 
  0   0   1   0   1  41   0   0   0   0   0   0   0  25   0   0   0   0   0 
  0   4   0   0   0   1   0   0   0   0   0   0   0   0   0   0   0   0   0 
  1   0 336  12   0   0   0   0   0   0   0   0   0   0   0   9  26   0   0 
  1   1   3   1   0   0   0   0   0   0   0   0   0   0   0   0   1   0   0 
  1   0   3   0   1   0   0   0   0   0   0   0   0   0   0   0   2   0   0 
  1   0   0   0   0   0   0   0   0   0   0   0   0   0   0   0   0   0   0 
  1   0   0   0   0   0   0   0   0   0   0   0   0   0   0   0   0   0   0 
  1   0   0   0   0   0   0   0   0   0   0   0   0   0   0   0   0   0   0 
  1   0   4   0   0   0   0   0   0   0   0   0   0   0   0   0   2   0   0 
  1   2   8   1   0   0   0   0   0   0   0   0   0   0   0   1   1   0   0 
  1   3  60  13   0   0   0   0   0   0   0   0   0   0   0   8  59   0   0 
  1   1   0   0   0   0   0   0   0   0   0   0   0   0   0   0   0   0   0 
  1   0   1   0   0   5   0   0   0   0   0   0   0  21   0   0   1   1   0 
  1   0   5   0   0  17   0   0   0   0   0   1   0  51   0   0   6   0   0 
  0   0   0   0   0   0   0   0   0   0   0   0   0   0   0   1   0   0   0 
  0   0   0   0   0   0   0   0   0   0   0   0   0   0   0   0   0   0   0 
pass: 4
winrate: 0.184264
komi--40.00 policy W
  0   0   0   0   0   0   0   0   0   0   0   0   0   0   0   0   0   0   0 
  0   0   0   0   0   0   1   0   0   0   0   0   0   0   0   0   0   0   0 
  0   0   3   0   0  62   0   1   0   0   0   1   0  46   0   0   1   0   0 
  0   0   0   0   1  34   0   0   0   0   0   0   0  21   0   0   0   0   0 
  0   3   0   0   0   1   0   0   0   0   0   0   0   0   0   0   0   0   0 
  0   0 360   9   0   0   0   0   0   0   0   0   0   0   0   8  38   0   0 
  0   0   2   1   0   0   0   0   0   0   0   0   0   0   0   1   1   0   0 
  0   0   2   0   0   0   0   0   0   0   0   0   0   0   0   0   2   0   0 
  0   0   0   0   0   0   0   0   0   0   0   0   0   0   0   0   0   0   0 
  0   0   0   0   0   0   0   0   0   0   0   0   0   0   0   0   0   0   0 
  0   0   0   0   0   0   0   0   0   0   0   0   0   0   0   0   0   0   0 
  0   0   4   0   0   0   0   0   0   0   0   0   0   0   0   0   2   0   0 
  0   2   7   1   0   0   0   0   0   0   0   0   0   0   0   1   0   0   0 
  0   2  74  10   0   0   0   0   0   0   0   0   0   0   0   5  59   0   0 
  0   1   0   0   0   0   0   0   0   0   0   0   0   0   0   0   0   0   0 
  0   0   1   0   0   4   0   0   0   0   0   0   0  14   0   0   1   0   0 
  0   0   5   0   0  19   0   1   0   0   0   1   0  55   0   0   5   0   0 
  0   0   0   0   0   0   0   0   0   0   0   0   0   0   0   0   0   0   0 
  0   0   0   0   0   0   0   0   0   0   0   0   0   0   0   0   0   0   0 
pass: 2
winrate: 0.198257
komi--35.00 policy W
  0   0   0   0   0   0   0   0   0   0   0   0   0   0   0   0   0   0   0 
  0   0   0   0   0   0   0   0   0   0   0   0   0   0   0   0   0   0   0 
  0   0   2   0   0  55   0   2   0   0   0   1   0  54   0   0   2   0   0 
  0   0   0   0   1  29   0   0   0   0   0   0   0  18   0   0   0   0   0 
  0   3   0   0   0   1   0   0   0   0   0   0   0   0   0   0   0   0   0 
  0   0 366   7   0   0   0   0   0   0   0   0   0   0   0   7  58   0   0 
  0   0   2   1   0   0   0   0   0   0   0   0   0   0   0   1   2   0   0 
  0   0   2   0   0   0   0   0   0   0   0   0   0   0   0   0   3   0   0 
  0   0   0   0   0   0   0   0   0   0   0   0   0   0   0   0   0   0   0 
  0   0   0   0   0   0   0   0   0   0   0   0   0   0   0   0   0   0   0 
  0   0   0   0   0   0   0   0   0   0   0   0   0   0   0   0   0   0   0 
  0   0   3   0   0   0   0   0   0   0   0   0   0   0   0   0   2   0   0 
  0   1   5   1   0   0   0   0   0   0   0   0   0   0   0   1   0   0   0 
  0   2  80   7   0   0   0   0   0   0   0   0   0   0   0   3  58   0   0 
  0   1   0   0   0   0   0   0   0   0   0   0   0   0   0   0   0   0   0 
  0   0   0   0   0   3   0   0   0   0   0   0   0   9   0   0   0   0   0 
  0   0   5   0   0  20   0   1   0   0   0   1   0  57   0   0   4   0   0 
  0   0   0   0   0   0   0   0   0   0   0   0   0   0   0   0   0   0   0 
  0   0   0   0   0   0   0   0   0   0   0   0   0   0   0   0   0   0   0 
pass: 1
winrate: 0.207604
komi--30.00 policy W
  0   0   0   0   0   0   0   0   0   0   0   0   0   0   0   0   0   0   0 
  0   0   0   0   0   0   0   0   0   0   0   0   0   0   0   0   0   0   0 
  0   0   3   0   0  53   0   2   0   0   0   2   0  54   0   0   3   0   0 
  0   0   0   0   1  21   0   0   0   0   0   0   0  13   0   0   0   0   0 
  0   2   0   0   0   0   0   0   0   0   0   0   0   0   0   0   0   0   0 
  0   0 385   5   0   0   0   0   0   0   0   0   0   0   0   6  73   0   0 
  0   0   2   1   0   0   0   0   0   0   0   0   0   0   0   1   1   0   0 
  0   0   2   0   0   0   0   0   0   0   0   0   0   0   0   0   3   0   0 
  0   0   0   0   0   0   0   0   0   0   0   0   0   0   0   0   0   0   0 
  0   0   0   0   0   0   0   0   0   0   0   0   0   0   0   0   0   0   0 
  0   0   0   0   0   0   0   0   0   0   0   0   0   0   0   0   0   0   0 
  0   0   3   0   0   0   0   0   0   0   0   0   0   0   0   0   2   0   0 
  0   1   3   1   0   0   0   0   0   0   0   0   0   0   0   1   0   0   0 
  0   2  86   5   0   0   0   0   0   0   0   0   0   0   0   2  54   0   0 
  0   1   0   0   0   0   0   0   0   0   0   0   0   0   0   0   0   0   0 
  0   0   0   0   0   2   0   0   0   0   0   0   0   6   0   0   0   0   0 
  0   0   5   0   0  20   0   1   0   0   0   1   0  54   0   0   5   0   0 
  0   0   0   0   0   0   0   0   0   0   0   0   0   0   0   0   0   0   0 
  0   0   0   0   0   0   0   0   0   0   0   0   0   0   0   0   0   0   0 
pass: 1
winrate: 0.215181
komi--25.00 policy W
  0   0   0   0   0   0   0   0   0   0   0   0   0   0   0   0   0   0   0 
  0   0   0   0   0   0   0   0   0   0   0   0   0   0   0   0   0   0   0 
  0   0   4   0   0  50   0   3   0   0   0   2   1  56   0   0   4   0   0 
  0   0   0   0   0  15   0   0   0   0   0   0   0  10   0   0   0   0   0 
  0   2   0   0   0   0   0   0   0   0   0   0   0   0   0   0   0   0   0 
  0   0 373   4   0   0   0   0   0   0   0   0   0   0   0   6  89   0   0 
  0   0   2   2   0   0   0   0   0   0   0   0   0   0   0   1   1   0   0 
  0   0   3   0   0   0   0   0   0   0   0   0   0   0   0   0   3   0   0 
  0   0   0   0   0   0   0   0   0   0   0   0   0   0   0   0   0   0   0 
  0   0   0   0   0   0   0   0   0   0   0   0   0   0   0   0   0   0   0 
  0   0   0   0   0   0   0   0   0   0   0   0   0   0   0   0   0   0   0 
  0   0   4   0   0   0   0   0   0   0   0   0   0   0   0   0   2   0   0 
  0   1   3   1   0   0   0   0   0   0   0   0   0   0   0   1   0   0   0 
  0   1  82   4   0   0   0   0   0   0   0   0   0   0   0   1  55   0   0 
  0   1   0   0   0   0   0   0   0   0   0   0   0   0   0   0   0   0   0 
  0   0   0   0   0   1   0   0   0   0   0   0   0   4   0   0   0   0   0 
  0   0   7   0   0  23   0   1   0   0   0   1   0  51   0   0   8   0   0 
  0   0   0   0   0   0   0   0   0   0   0   0   0   0   0   0   0   0   0 
  0   0   0   0   0   0   0   0   0   0   0   0   0   0   0   0   0   0   0 
pass: 1
winrate: 0.222284
komi--20.00 policy W
  0   0   0   0   0   0   0   0   0   0   0   0   0   0   0   0   0   0   0 
  0   0   0   0   0   0   0   0   0   0   0   0   0   0   0   0   0   0   0 
  0   0   7   0   0  44   0   3   0   0   0   3   1  60   0   0   7   0   0 
  0   0   0   0   0  11   0   0   0   0   0   0   0   9   0   0   1   0   0 
  0   2   0   0   0   0   0   0   0   0   0   0   0   0   0   0   0   1   0 
  0   0 293   4   0   0   0   0   0   0   0   0   0   0   0   6 116   0   0 
  0   0   2   3   0   0   0   0   0   0   0   0   0   0   0   1   1   0   0 
  0   0   3   0   0   0   0   0   0   0   0   0   0   0   0   0   3   0   0 
  0   0   0   0   0   0   0   0   0   0   0   0   0   0   0   0   0   0   0 
  0   0   0   0   0   0   0   0   0   0   0   0   0   0   0   0   0   0   0 
  0   0   0   0   0   0   0   0   0   0   0   0   0   0   0   0   0   0   0 
  0   0   5   0   0   0   0   0   0   0   0   0   0   0   0   0   2   0   0 
  0   1   3   2   0   0   0   0   0   0   0   0   0   0   0   1   0   0   0 
  0   1  73   3   0   0   0   0   0   0   0   0   0   0   0   1  66   0   0 
  0   1   0   0   0   0   0   0   0   0   0   0   0   0   0   0   0   0   0 
  0   0   0   0   0   1   0   0   0   0   0   0   0   3   0   0   1   0   0 
  0   0  11   0   0  34   0   2   0   0   0   2   1  59   0   0  12   0   0 
  0   0   0   0   0   0   0   0   0   0   0   0   0   0   0   0   0   0   0 
  0   0   0   0   0   0   0   0   0   0   0   0   0   0   0   0   0   0   0 
pass: 1
winrate: 0.226923
komi--15.00 policy W
  0   0   0   0   0   0   0   0   0   0   0   0   0   0   0   0   0   0   0 
  0   0   0   0   0   0   0   0   0   0   0   0   0   0   0   0   0   0   0 
  0   0  12   0   0  41   0   4   0   0   0   3   1  62   0   0  11   0   0 
  0   0   0   0   0   8   1   0   0   0   0   0   0   8   0   0   1   0   0 
  0   2   0   0   0   0   0   0   0   0   0   0   0   0   0   0   0   1   0 
  0   0 218   3   0   0   0   0   0   0   0   0   0   0   0   5 117   0   0 
  0   0   1   4   0   0   0   0   0   0   0   0   0   0   0   1   1   0   0 
  0   0   3   0   1   0   0   0   0   0   0   0   0   0   0   0   4   0   0 
  0   0   0   0   0   0   0   0   0   0   0   0   0   0   0   0   0   0   0 
  0   0   0   0   0   0   0   0   0   0   0   0   0   0   0   0   0   0   0 
  0   0   0   0   0   0   0   0   0   0   0   0   0   0   0   0   0   0   0 
  0   0   5   0   0   0   0   0   0   0   0   0   0   0   0   0   2   0   0 
  0   1   3   2   0   0   0   0   0   0   0   0   0   0   0   1   0   0   0 
  0   1  71   3   0   0   0   0   0   0   0   0   0   0   0   2  72   0   0 
  0   1   0   0   0   0   0   0   0   0   0   0   0   0   0   0   0   0   0 
  0   0   1   0   0   1   1   0   0   0   0   0   1   3   0   0   1   0   0 
  0   0  19   0   0  42   1   2   0   0   0   3   1  76   0   0  20   0   0 
  0   0   0   0   1   0   0   0   0   0   0   0   0   0   0   0   0   0   0 
  0   0   0   0   0   0   0   0   0   0   0   0   0   0   0   0   0   0   0 
pass: 1
winrate: 0.230476
komi--10.00 policy W
  0   0   0   0   0   0   0   0   0   0   0   0   0   0   0   0   0   0   0 
  0   0   0   0   0   0   0   0   0   0   0   0   0   0   1   0   0   0   0 
  0   0  19   0   0  41   0   4   0   0   0   3   1  59   0   0  16   0   0 
  0   0   1   0   0   5   1   1   0   0   0   0   1   6   0   0   1   0   0 
  0   2   0   0   0   0   0   0   0   0   0   0   0   0   0   0   0   1   0 
  0   0 179   2   0   0   0   0   0   0   0   0   0   0   0   4  94   0   0 
  0   0   1   4   0   0   0   0   0   0   0   0   0   0   0   1   1   0   0 
  0   0   3   0   1   0   0   0   0   0   0   0   0   0   0   0   3   0   0 
  0   0   0   1   0   0   0   0   0   0   0   0   0   0   0   0   0   0   0 
  0   0   0   0   0   0   0   0   0   0   0   0   0   0   0   0   0   0   0 
  0   0   0   0   1   0   0   0   0   0   0   0   0   0   0   0   0   0   0 
  0   0   4   0   0   0   0   0   0   0   0   0   0   0   0   0   1   0   0 
  0   1   2   2   0   0   0   0   0   0   0   0   0   0   0   1   0   0   0 
  0   1  85   3   0   0   0   0   0   0   0   0   0   0   0   1  59   0   0 
  0   2   0   0   0   0   0   0   0   0   0   0   0   0   0   0   0   0   0 
  0   0   1   0   1   1   1   0   0   0   0   0   1   2   0   0   2   0   0 
  0   0  37   0   0  50   1   2   0   0   0   3   1  83   0   0  27   0   0 
  0   0   0   0   1   0   0   0   0   0   0   0   0   0   0   0   0   0   0 
  0   0   0   0   0   0   0   0   0   0   0   0   0   0   0   0   0   0   0 
pass: 0
winrate: 0.229212
komi--5.00 policy W
  0   0   0   0   0   0   0   0   0   0   0   0   0   0   0   0   0   0   0 
  0   0   0   0   0   0   0   0   0   0   0   0   0   0   1   0   0   0   0 
  0   0  32   0   0  37   1   3   0   0   0   3   1  60   0   0  28   0   0 
  0   0   1   0   0   3   2   1   0   0   0   0   1   5   1   0   2   0   0 
  0   2   0   0   0   0   1   0   0   0   0   0   0   0   0   0   0   1   0 
  0   0 112   2   0   0   0   0   0   0   0   0   0   0   0   3  74   0   0 
  0   0   2   5   0   0   0   0   0   0   0   0   0   0   0   1   1   0   0 
  0   0   2   1   1   0   0   0   0   0   0   0   0   0   0   0   2   0   0 
  0   0   0   1   1   0   0   0   0   0   0   0   0   0   0   0   0   0   0 
  0   0   0   0   0   0   0   0   0   0   0   0   0   0   0   0   0   0   0 
  0   0   0   0   1   0   0   0   0   0   0   0   0   0   0   0   0   0   0 
  0   0   4   0   0   0   0   0   0   0   0   0   0   0   0   0   1   0   0 
  0   0   2   2   1   0   0   0   0   0   0   0   0   0   0   1   0   0   0 
  0   1  85   2   0   0   0   0   0   0   0   0   0   0   0   1  63   0   0 
  0   2   0   0   0   0   1   0   0   0   0   0   0   0   0   0   0   0   0 
  0   0   3   0   0   1   1   0   0   0   0   0   1   2   0   0   2   0   0 
  0   0  59   1   0  48   1   1   0   0   0   3   1 101   0   0  33   0   0 
  0   0   0   0   1   0   0   0   0   0   0   0   0   0   0   0   0   0   0 
  0   0   0   0   0   0   0   0   0   0   0   0   0   0   0   0   0   0   0 
pass: 0
winrate: 0.230293
komi-0.00 policy W
  0   0   0   0   0   0   0   0   0   0   0   0   0   0   0   0   0   0   0 
  0   0   0   0   0   0   0   0   0   0   0   0   0   0   1   0   0   0   0 
  0   0  41   1   0  24   1   1   0   0   0   2   1  55   0   1  51   0   0 
  0   0   2   0   0   2   2   1   0   0   0   0   1   3   2   0   3   0   0 
  0   2   0   0   0   0   1   0   0   0   0   0   0   0   0   0   0   1   0 
  0   0  68   1   0   0   0   0   0   0   0   0   1   0   0   2  62   0   0 
  0   0   2   5   0   0   0   0   0   0   0   0   0   1   0   2   1   0   0 
  0   0   1   1   1   0   0   0   0   0   0   0   0   0   0   0   2   0   0 
  0   0   1   1   1   0   0   0   0   0   0   0   0   0   0   0   0   0   0 
  0   0   0   0   1   1   0   0   0   0   0   0   0   0   0   0   0   0   0 
  0   0   0   0   1   1   0   0   0   0   0   0   0   0   0   0   0   0   0 
  0   0   4   0   0   0   0   0   0   0   0   0   0   0   0   0   2   0   0 
  0   1   2   2   1   0   0   0   0   0   0   0   0   0   0   1   0   0   0 
  0   1  98   1   0   0   0   0   0   0   0   0   0   1   0   1  61   0   0 
  0   2   0   1   0   0   1   0   0   0   0   0   0   0   0   0   1   0   0 
  0   0   4   0   0   1   1   0   1   0   0   0   1   1   0   0   3   0   0 
  0   0  77   2   0  45   0   0   0   0   0   2   1  97   0   1  36   0   0 
  0   0   0   0   1   0   0   0   0   0   0   0   0   0   0   0   0   0   0 
  0   0   0   0   0   0   0   0   0   0   0   0   0   0   0   0   0   0   0 
pass: 0
winrate: 0.237950
komi-5.00 policy W
  0   0   0   0   0   0   0   0   0   0   0   0   0   0   0   0   0   0   0 
  0   0   0   0   0   0   0   0   0   0   0   0   0   0   1   0   0   0   0 
  0   0  47   1   0  17   1   1   0   0   0   1   0  50   0   2  81   0   0 
  0   0   2   0   0   1   3   1   1   0   0   0   1   2   3   0   4   0   0 
  0   1   0   0   0   0   1   0   0   0   0   0   0   0   0   1   0   1   0 
  0   0  40   1   0   0   0   0   0   0   0   0   1   0   0   2  54   0   0 
  0   0   3   4   0   0   0   0   0   1   0   0   0   1   0   2   1   0   0 
  0   0   1   1   1   1   0   1   0   0   0   0   0   0   0   0   1   0   0 
  0   0   1   1   1   0   1   0   0   0   0   1   1   0   1   0   0   0   0 
  0   0   1   0   1   1   0   0   0   1   1   0   0   0   0   0   0   0   0 
  0   0   1   1   1   1   0   0   1   0   0   0   0   0   0   0   1   0   0 
  0   0   4   0   0   0   0   0   0   0   0   0   0   0   0   0   2   0   0 
  0   1   2   2   1   0   0   0   0   0   1   0   0   0   0   1   1   0   0 
  0   1 102   1   0   0   0   0   0   0   0   0   0   1   0   1  57   0   0 
  0   2   0   1   0   0   1   1   1   0   0   0   0   0   0   0   1   0   0 
  0   0   5   0   0   0   1   0   1   0   0   0   1   1   0   0   3   0   0 
  0   0  77   4   0  47   0   0   0   0   0   1   1  87   0   2  42   0   0 
  0   0   0   0   1   0   0   0   0   0   0   0   0   0   0   0   0   0   0 
  0   0   0   0   0   0   0   0   0   0   0   0   0   0   0   0   0   0   0 
pass: 0
winrate: 0.252812
komi-10.00 policy W
  0   0   0   0   0   0   0   0   0   0   0   0   0   0   0   0   0   0   0 
  0   0   0   0   0   0   0   0   0   0   0   0   0   0   1   0   0   0   0 
  0   0  52   1   0  14   1   0   0   0   0   0   0  51   1   4 110   0   0 
  0   0   2   0   0   0   3   0   1   0   0   0   1   1   3   0   4   0   0 
  0   1   0   0   0   0   1   0   0   0   1   0   0   0   0   1   0   1   0 
  0   0  30   1   0   0   0   0   1   0   0   0   1   0   0   2  45   0   0 
  0   0   4   4   0   0   0   0   1   1   1   0   0   1   0   2   0   0   0 
  0   0   1   1   1   1   0   1   1   1   0   1   0   0   0   0   1   0   0 
  0   0   2   1   1   1   1   1   1   0   1   1   1   0   1   0   0   0   0 
  0   0   3   1   1   1   0   1   1   1   1   1   1   0   0   0   1   0   0 
  0   0   2   1   1   1   1   0   1   0   1   1   1   0   1   0   1   0   0 
  0   0   3   1   0   1   0   1   0   0   0   1   1   0   0   0   1   0   0 
  0   1   2   3   1   0   0   0   1   0   1   0   0   0   0   1   1   0   0 
  0   1 102   1   0   0   0   0   0   0   0   0   0   1   0   1  54   0   0 
  0   3   1   1   0   0   1   1   1   0   0   0   0   0   0   0   1   0   0 
  0   0   5   0   0   0   1   0   1   0   0   0   2   1   0   0   3   0   0 
  0   0  77   6   0  40   0   0   0   0   0   0   1  70   0   2  40   0   0 
  0   0   0   0   1   0   0   0   0   0   0   0   0   0   0   0   0   0   0 
  0   0   0   0   0   0   0   0   0   0   0   0   0   0   0   0   0   0   0 
pass: 0
winrate: 0.274252
komi-15.00 policy W
  0   0   0   0   0   0   0   0   0   0   0   0   0   0   0   0   0   0   0 
  0   0   0   0   0   0   0   0   0   0   0   0   0   0   1   0   0   0   0 
  0   0  50   1   0  10   1   0   0   0   0   0   0  53   1   5 126   0   0 
  0   0   2   0   0   0   3   0   1   0   0   0   1   1   4   0   5   0   0 
  0   1   0   0   0   0   1   0   0   0   0   0   0   0   0   1   0   1   0 
  0   0  29   1   0   0   0   0   0   0   0   0   1   0   0   2  47   0   0 
  0   0   4   4   1   0   0   0   1   1   1   0   0   1   0   2   1   0   0 
  0   0   0   1   1   1   0   1   1   1   1   1   0   0   1   0   1   0   0 
  0   0   2   1   1   1   1   1   1   0   1   1   1   0   1   0   1   0   0 
  0   0   3   1   1   1   1   1   1   1   1   1   1   1   0   0   1   0   0 
  0   0   3   1   1   1   1   1   1   1   1   1   1   1   1   0   1   0   0 
  0   0   3   1   0   1   1   1   1   0   1   1   1   0   0   0   1   0   0 
  0   1   2   3   1   0   0   0   1   1   1   0   0   0   0   1   1   0   0 
  0   1 116   1   0   0   0   0   0   0   0   0   0   1   0   1  49   0   0 
  0   3   1   1   0   0   0   1   1   0   0   0   0   0   0   0   1   0   0 
  0   0   7   0   0   0   1   0   1   0   0   0   2   1   0   0   3   0   0 
  0   0  79   7   0  34   0   0   0   0   0   0   1  55   0   3  31   0   0 
  0   0   0   0   0   0   0   0   0   0   0   0   0   0   0   0   0   0   0 
  0   0   0   0   0   0   0   0   0   0   0   0   0   0   0   0   0   0   0 
pass: 0
winrate: 0.315787
komi-20.00 policy W
  0   0   0   0   0   0   0   0   0   0   0   0   0   0   0   0   0   0   0 
  0   0   0   0   0   0   0   0   0   0   0   0   0   0   1   0   0   0   0 
  0   0  47   1   0   8   1   0   0   0   0   0   0  47   1   5 139   0   0 
  0   0   2   0   0   0   2   0   1   0   0   0   1   1   4   0   5   0   0 
  0   1   0   0   0   0   1   0   0   0   0   0   0   0   0   1   0   1   0 
  0   0  27   1   0   0   0   0   0   0   0   0   1   0   0   2  45   0   0 
  0   0   4   4   0   0   0   0   1   1   1   0   0   1   1   2   1   0   0 
  0   0   0   1   1   1   0   1   1   1   1   1   0   0   1   0   1   0   0 
  0   0   2   1   1   0   1   1   1   1   1   1   1   0   1   1   1   0   0 
  0   0   4   1   1   1   0   1   1   1   1   1   1   1   0   0   1   0   0 
  0   0   3   1   1   1   1   1   1   1   1   1   1   1   1   1   2   0   0 
  0   0   3   1   0   1   0   1   1   1   1   1   1   1   0   0   2   0   0 
  0   1   2   3   1   0   0   0   1   0   1   0   0   0   1   1   2   0   0 
  0   1 125   1   0   0   0   0   0   0   0   0   0   1   0   2  50   0   0 
  0   3   1   1   0   0   0   1   1   0   0   0   0   0   0   0   1   0   0 
  0   0   7   0   0   0   0   0   1   0   0   0   2   1   0   0   3   0   0 
  0   0  81   8   0  31   0   0   0   0   0   0   1  45   0   3  30   0   0 
  0   0   0   0   0   0   0   0   0   0   0   0   0   0   0   0   0   0   0 
  0   0   0   0   0   0   0   0   0   0   0   0   0   0   0   0   0   0   0 
pass: 0
winrate: 0.346948
komi-25.00 policy W
  0   0   0   0   0   0   0   0   0   0   0   0   0   0   0   0   0   0   0 
  0   0   0   0   0   0   0   0   0   0   0   0   0   0   1   0   0   0   0 
  0   0  44   1   0   7   1   0   0   0   0   0   0  44   1   6 153   0   0 
  0   0   2   0   0   0   2   0   1   0   0   0   1   1   5   0   5   0   0 
  0   1   0   0   0   0   1   0   0   0   0   0   0   0   0   1   0   1   0 
  0   0  24   1   0   0   0   0   0   0   0   0   1   0   0   2  38   0   0 
  0   0   3   3   0   0   0   0   0   1   1   1   0   1   1   3   1   0   0 
  0   0   0   1   1   1   0   1   1   1   1   1   0   0   1   0   1   0   0 
  0   0   2   1   1   0   1   1   1   1   1   1   1   0   1   1   1   0   0 
  0   0   4   1   1   1   0   1   1   1   1   1   1   1   0   0   2   0   0 
  0   0   2   1   1   1   1   0   1   1   1   1   1   1   1   1   3   0   0 
  0   0   3   1   0   1   0   1   1   1   1   1   1   1   0   1   2   0   0 
  0   1   2   3   1   0   0   0   1   1   1   1   0   0   1   2   2   0   0 
  0   1 124   1   0   0   0   0   0   0   0   0   1   1   1   2  51   0   0 
  0   3   1   1   0   0   0   1   1   0   0   0   0   0   0   0   1   0   0 
  0   0   7   0   0   0   0   0   1   0   0   0   2   1   0   0   4   0   0 
  0   0  84   8   0  28   0   0   0   0   0   0   1  40   0   4  30   0   0 
  0   0   0   0   0   0   0   0   0   0   0   0   0   0   0   0   0   0   0 
  0   0   0   0   0   0   0   0   0   0   0   0   0   0   0   0   0   0   0 
pass: 0
winrate: 0.372276
komi-30.00 policy W
  0   0   0   0   0   0   0   0   0   0   0   0   0   0   0   0   0   0   0 
  0   0   0   0   0   0   0   0   0   0   0   0   0   0   1   0   0   0   0 
  0   0  41   1   0   5   1   0   0   0   0   0   0  42   1   8 169   0   0 
  0   0   1   0   0   0   2   0   1   0   0   0   1   1   5   0   6   0   0 
  0   1   0   0   0   0   1   0   0   0   0   0   0   0   0   1   0   1   0 
  0   0  21   0   0   0   0   0   0   0   0   0   1   0   0   2  33   0   0 
  0   0   3   3   0   0   0   0   0   1   1   1   0   1   1   3   1   0   0 
  0   0   0   1   1   1   0   1   1   1   1   1   0   0   1   0   1   0   0 
  0   0   2   1   1   0   1   1   1   1   1   1   1   1   1   1   1   0   0 
  0   0   4   1   1   1   0   1   1   1   1   1   1   1   1   1   2   0   0 
  0   0   2   1   1   1   0   0   1   1   1   1   1   1   1   1   3   0   0 
  0   0   3   1   0   1   0   1   1   1   1   1   1   1   0   1   2   0   0 
  0   1   1   2   1   0   0   0   1   1   1   1   0   0   1   2   2   0   0 
  0   1 117   1   0   0   0   0   0   0   1   0   1   2   1   3  53   0   0 
  0   3   1   1   0   0   0   1   1   0   0   0   0   0   0   1   1   0   0 
  0   0   7   0   0   0   0   0   1   0   0   0   2   1   0   0   4   0   0 
  0   0  83   8   0  27   0   0   0   0   0   0   1  39   0   5  32   0   0 
  0   0   0   0   0   0   0   0   0   0   0   0   0   0   0   0   0   0   0 
  0   0   0   0   0   0   0   0   0   0   0   0   0   0   0   0   0   0   0 
pass: 0
winrate: 0.398229
komi-35.00 policy W
  0   0   0   0   0   0   0   0   0   0   0   0   0   0   0   0   0   0   0 
  0   0   0   0   0   0   0   0   0   0   0   0   0   0   1   0   0   0   0 
  0   0  37   0   0   5   1   0   0   0   0   0   0  41   1   9 185   0   0 
  0   0   1   0   0   0   2   0   1   0   0   0   1   1   5   0   7   0   0 
  0   1   0   0   0   0   1   0   0   0   0   0   0   0   0   2   0   1   0 
  0   0  18   0   0   0   0   0   0   0   0   1   1   0   0   3  30   0   0 
  0   0   3   3   0   0   0   0   0   1   1   1   0   1   1   3   1   0   0 
  0   0   0   1   1   0   0   1   1   1   1   1   0   0   1   1   1   0   0 
  0   0   2   1   1   0   1   1   1   1   1   1   1   1   1   1   2   0   0 
  0   0   4   1   1   1   0   1   1   1   1   1   1   1   1   1   3   0   0 
  0   0   2   1   1   0   0   0   1   1   1   1   1   1   1   1   3   0   0 
  0   0   3   1   0   1   0   1   1   1   1   1   1   1   1   1   1   0   0 
  0   1   1   2   1   0   0   0   1   1   1   1   0   0   1   2   3   0   0 
  0   1 107   1   0   0   0   0   0   0   1   0   1   2   1   3  51   0   0 
  0   3   1   1   0   0   0   0   1   0   0   0   0   0   0   1   2   0   0 
  0   0   8   0   0   0   0   0   1   0   0   0   2   1   0   0   5   0   0 
  0   0  80   8   0  23   0   0   0   0   0   0   1  37   0   6  33   0   0 
  0   0   0   0   0   0   0   0   0   0   0   0   0   0   0   0   0   0   0 
  0   0   0   0   0   0   0   0   0   0   0   0   0   0   0   0   0   0   0 
pass: 0
winrate: 0.424629
komi-40.00 policy W
  0   0   0   0   0   0   0   0   0   0   0   0   0   0   0   0   0   0   0 
  0   0   0   0   0   0   0   0   0   0   0   0   0   0   1   0   0   0   0 
  0   0  33   0   0   5   1   0   0   0   0   0   0  41   1   9 186   0   0 
  0   0   1   0   0   0   2   0   1   0   0   0   1   1   6   0   8   0   0 
  0   1   0   0   0   0   1   0   0   0   0   0   0   0   1   1   0   1   0 
  0   0  16   0   0   0   0   0   0   0   0   1   1   1   1   3  28   0   0 
  0   0   2   2   0   0   0   0   0   1   1   1   0   1   1   3   2   0   0 
  0   0   0   1   1   1   0   1   1   1   1   1   1   1   1   1   1   0   0 
  0   0   2   0   1   0   1   1   1   1   1   1   1   1   1   1   2   0   0 
  0   0   4   1   1   1   0   1   1   1   1   1   1   1   1   1   3   0   0 
  0   0   2   1   1   0   0   0   1   1   1   1   1   1   1   1   3   0   0 
  0   0   3   1   0   1   0   1   1   1   1   1   1   1   1   1   1   0   0 
  0   1   1   2   1   0   0   0   1   1   1   1   0   0   1   3   3   0   0 
  0   1  96   1   0   0   0   0   0   0   1   0   1   2   1   3  49   0   0 
  0   3   1   1   0   0   0   0   1   0   0   0   0   0   0   1   2   0   0 
  0   0   7   0   0   0   1   0   1   0   0   0   2   1   0   0   7   0   0 
  0   0  78   8   0  21   0   0   0   0   0   0   1  38   0   8  34   0   0 
  0   0   0   0   0   0   0   0   0   0   0   0   0   0   0   0   0   0   0 
  0   0   0   0   0   0   0   0   0   0   0   0   0   0   0   0   0   0   0 
pass: 0
winrate: 0.451746
komi-45.00 policy W
  0   0   0   0   0   0   0   0   0   0   0   0   0   0   0   0   0   0   0 
  0   0   0   0   0   0   0   0   0   0   0   0   0   0   2   0   0   0   0 
  0   0  30   0   0   5   0   0   0   1   0   0   0  40   2   8 184   0   0 
  0   0   1   0   0   0   2   0   1   0   0   0   1   1   6   0   9   1   0 
  0   1   0   0   0   0   1   0   0   0   0   0   0   0   1   1   0   1   0 
  0   0  15   0   0   0   0   0   0   0   0   1   1   1   1   3  28   1   0 
  0   0   2   2   0   0   0   0   0   1   1   1   0   2   1   4   2   0   0 
  0   0   0   0   1   1   0   1   1   1   1   1   1   1   1   1   1   0   0 
  0   0   2   0   1   0   1   1   1   1   1   2   1   1   1   1   2   0   0 
  0   0   5   1   1   1   0   1   1   1   1   1   1   1   1   1   3   1   0 
  0   0   3   1   1   0   0   0   1   1   1   1   1   1   1   2   3   0   0 
  0   0   3   1   0   1   0   1   1   1   1   1   1   1   1   2   1   0   0 
  0   1   2   2   1   0   0   0   1   1   1   1   0   1   1   3   3   0   0 
  0   1  89   1   0   0   0   0   0   0   1   0   1   2   1   4  46   0   0 
  0   3   1   1   0   0   0   0   1   0   0   0   0   0   0   1   2   0   0 
  0   0   6   0   0   0   1   0   1   0   0   0   1   1   1   0   9   0   0 
  0   0  75   7   0  19   0   0   0   0   0   0   1  37   0   9  36   0   0 
  0   0   0   0   0   0   0   0   0   0   0   0   0   0   1   0   0   0   0 
  0   0   0   0   0   0   0   0   0   0   0   0   0   0   0   0   0   0   0 
pass: 0
winrate: 0.478205
komi-50.00 policy W
  0   0   0   0   0   0   0   0   0   0   0   0   0   0   0   0   0   0   0 
  0   0   0   0   0   0   0   0   0   0   0   0   0   0   2   0   0   1   0 
  0   0  27   0   0   5   1   0   1   1   0   0   0  39   2   8 171   0   0 
  0   0   1   0   0   0   2   0   1   0   0   0   1   1   6   0  12   1   0 
  0   1   0   0   0   0   1   0   0   0   1   0   1   0   1   1   1   1   0 
  0   0  15   1   0   0   0   0   0   0   1   1   1   1   1   3  28   1   0 
  0   0   2   2   0   0   0   0   1   1   1   1   1   2   1   4   3   0   0 
  0   0   0   0   1   1   0   1   1   1   1   1   1   1   1   1   1   0   0 
  0   0   2   1   1   0   1   1   1   1   1   2   1   1   2   1   2   1   0 
  0   0   6   1   1   1   0   1   1   1   2   2   1   1   1   2   4   1   0 
  0   1   3   1   1   1   1   0   1   1   1   1   1   1   2   2   3   0   0 
  0   0   3   1   0   1   0   1   1   1   1   2   1   1   1   2   1   0   0 
  0   1   2   2   1   0   0   0   1   1   1   1   0   1   1   3   4   0   0 
  0   1  84   1   0   0   0   0   0   1   1   0   1   3   1   4  41   0   0 
  0   3   1   1   0   0   0   0   1   0   0   0   0   0   0   1   2   0   0 
  0   0   6   0   0   0   1   0   1   0   0   0   1   1   1   0  12   0   0 
  0   0  76   8   0  18   0   0   1   0   0   0   1  33   0  10  40   0   0 
  0   0   0   0   0   0   0   0   0   0   0   0   0   0   1   0   0   1   0 
  0   0   0   0   0   0   0   0   0   0   0   0   0   0   0   0   0   0   0 
pass: 0
winrate: 0.502605
komi-55.00 policy W
  0   0   0   0   0   0   0   0   0   0   0   0   0   0   0   0   0   0   0 
  0   0   0   0   0   0   0   0   0   0   0   0   0   1   2   1   0   1   0 
  0   0  23   0   0   6   1   0   1   1   0   0   1  36   3   7 151   0   0 
  0   0   1   0   0   0   2   0   1   0   0   0   1   1   6   0  13   2   0 
  0   1   0   0   0   0   1   0   0   1   1   0   1   1   1   1   1   2   0 
  0   0  15   1   0   0   0   0   0   1   1   1   1   1   1   3  25   1   0 
  0   0   2   2   0   0   0   0   1   1   1   1   1   2   2   5   3   1   0 
  0   0   0   1   1   1   0   1   1   1   1   1   1   1   1   1   2   0   0 
  0   0   2   1   1   1   1   1   1   1   1   2   1   1   2   2   3   1   0 
  0   0   7   1   1   1   0   1   1   1   2   2   1   1   1   2   4   1   0 
  0   1   3   1   1   1   1   1   1   1   1   1   1   1   2   2   3   1   0 
  0   1   4   1   0   1   1   1   1   1   1   2   1   1   1   2   1   0   0 
  0   1   2   2   1   0   0   0   1   1   1   1   1   1   2   2   5   1   0 
  0   2  79   2   0   0   0   0   0   1   1   1   1   3   1   4  36   1   0 
  0   3   1   1   0   0   0   0   1   0   0   0   0   0   0   1   2   1   0 
  0   0   5   0   0   0   1   0   1   0   0   1   1   1   1   0  14   0   0 
  0   0  75   8   1  19   0   0   1   1   0   0   1  28   1  10  45   0   0 
  0   0   0   0   0   0   0   0   0   0   0   0   0   0   1   0   0   1   0 
  0   0   0   0   0   0   0   0   0   0   0   0   0   0   0   0   0   0   0 
pass: 0
winrate: 0.527256
komi-60.00 policy W
  0   0   0   0   0   0   0   0   0   0   0   0   0   0   0   0   0   0   0 
  0   0   0   0   0   0   0   0   0   0   0   0   0   1   3   1   1   1   0 
  0   0  19   0   0   6   1   0   1   2   0   1   1  31   3   6 127   0   0 
  0   0   1   0   0   0   2   0   1   0   0   0   2   1   6   0  13   2   0 
  0   1   0   0   0   0   1   0   0   1   1   1   1   1   1   1   1   2   0 
  0   0  14   1   0   0   0   0   1   1   1   1   1   1   2   4  21   2   0 
  0   0   2   2   1   0   0   0   1   1   1   1   1   2   2   5   4   1   0 
  0   0   1   1   1   1   1   1   1   1   1   1   1   1   2   2   1   1   0 
  0   1   2   1   1   1   1   1   1   1   1   2   1   1   2   2   3   1   0 
  0   0   8   1   1   1   1   1   1   1   2   2   1   1   1   2   4   1   0 
  0   1   4   1   1   1   1   1   1   1   2   1   1   1   2   2   3   1   0 
  0   1   4   1   0   1   1   1   1   1   1   2   1   1   1   3   1   0   0 
  0   1   2   2   1   0   0   0   1   1   1   1   1   1   2   3   5   1   0 
  0   2  76   2   0   0   0   0   0   1   1   1   1   3   1   4  32   1   0 
  0   3   1   1   0   0   1   1   1   0   0   0   1   0   1   1   3   1   0 
  0   0   5   0   0   0   1   0   1   1   0   1   1   1   1   0  19   0   0 
  0   0  71  10   1  21   0   0   1   1   0   0   1  24   1  10  48   0   0 
  0   0   0   0   1   0   0   0   0   0   0   0   0   0   1   1   0   1   0 
  0   0   0   0   0   0   0   0   0   0   0   0   0   0   0   0   0   0   0 
pass: 0
winrate: 0.549879
komi-65.00 policy W
  0   0   0   0   0   0   0   0   0   0   0   0   0   0   0   0   0   0   0 
  0   0   0   0   0   0   0   0   0   0   0   0   0   1   3   1   1   2   0 
  0   0  15   0   0   6   1   0   1   3   1   1   1  28   4   5 108   0   0 
  0   0   1   0   0   0   2   0   1   0   1   1   2   2   6   0  13   2   0 
  0   1   0   0   0   0   1   0   1   1   1   1   1   1   1   1   2   2   0 
  0   0  12   1   0   0   0   0   1   1   1   1   2   1   2   4  18   2   0 
  0   1   2   2   1   0   1   1   1   1   1   1   1   2   2   4   4   1   0 
  0   0   1   1   1   1   1   1   1   1   1   2   1   1   2   2   1   1   0 
  0   1   2   1   1   1   1   1   1   1   2   2   2   1   2   2   3   1   0 
  0   0   8   2   1   1   1   1   1   1   2   2   1   1   1   2   4   1   0 
  0   1   4   1   1   1   1   1   1   1   2   1   1   1   2   2   4   1   0 
  0   1   4   1   0   1   1   1   1   1   1   2   1   1   1   3   2   1   0 
  0   2   2   2   1   0   0   1   1   1   1   1   1   1   2   3   5   1   0 
  0   2  74   2   0   0   0   0   1   1   1   1   1   2   1   4  28   1   0 
  0   4   1   1   0   1   1   1   1   0   1   1   1   0   1   1   4   1   0 
  0   0   4   0   1   1   1   1   1   1   1   1   1   1   1   0  24   0   0 
  0   0  59  11   1  24   0   0   1   1   0   0   1  22   1  11  49   1   0 
  0   0   0   1   1   0   0   0   0   0   0   0   1   0   1   1   0   2   0 
  0   0   0   0   0   0   0   0   0   0   0   0   0   0   0   0   0   0   0 
pass: 0
winrate: 0.569429
komi-70.00 policy W
  0   0   0   0   0   0   0   0   0   0   0   0   0   0   1   0   0   0   0 
  0   0   0   0   1   0   0   0   0   0   0   1   1   1   3   2   1   2   0 
  0   0  12   0   0   7   1   0   2   4   1   1   2  25   5   4  84   0   0 
  0   0   1   0   0   0   2   0   1   1   1   1   2   2   6   0  15   3   0 
  0   1   0   0   0   0   1   0   1   1   1   1   2   1   2   1   2   3   0 
  0   0   9   1   0   0   0   0   1   1   1   2   2   2   2   4  15   3   0 
  0   1   2   2   1   1   1   1   1   1   1   1   1   2   2   4   4   2   0 
  0   1   1   0   1   1   1   1   1   1   2   2   1   1   2   2   1   1   0 
  0   1   2   1   1   1   1   1   1   1   2   2   2   1   2   2   3   1   0 
  0   0   9   2   1   1   1   1   1   2   2   2   1   1   1   2   3   2   0 
  0   1   4   1   1   1   1   1   1   1   2   2   1   1   2   2   4   1   0 
  0   1   4   1   1   1   1   1   1   1   1   2   1   1   1   3   2   1   0 
  0   2   3   2   1   0   0   1   1   1   1   1   1   1   2   3   4   2   0 
  0   2  69   2   0   0   0   1   1   1   1   1   1   2   1   4  26   2   0 
  0   4   1   1   0   1   1   1   1   1   1   1   1   1   1   2   4   2   0 
  0   1   4   0   1   1   1   1   1   1   1   1   2   1   2   0  29   1   0 
  0   0  47  11   1  27   1   0   2   2   0   0   1  21   2  11  47   1   0 
  0   0   1   1   1   1   0   0   0   0   0   0   1   1   1   2   1   2   0 
  0   0   0   0   0   0   0   0   0   0   0   0   0   0   0   0   0   0   0 
pass: 0
winrate: 0.585214
komi-75.00 policy W
  0   0   0   0   0   0   0   0   0   0   0   0   0   1   1   1   1   1   0 
  0   0   0   0   1   0   0   1   1   1   1   1   1   1   4   2   2   2   1 
  0   0  10   0   0   7   1   1   2   6   2   2   2  23   5   4  62   0   0 
  0   1   1   0   0   1   3   1   2   2   1   1   2   3   7   0  16   3   1 
  0   1   0   0   0   0   1   1   1   1   1   1   2   1   2   2   2   3   0 
  0   0   8   1   0   0   0   1   1   1   1   2   2   2   2   4  11   3   0 
  0   1   2   2   1   1   1   1   1   1   1   2   1   2   2   3   3   2   1 
  0   1   1   0   1   1   1   1   1   1   2   2   1   1   2   2   1   2   1 
  0   1   2   1   1   1   1   1   1   1   2   2   2   1   2   2   3   1   0 
  0   1  10   2   1   1   1   1   1   2   2   2   1   1   1   2   3   2   0 
  0   1   4   1   1   1   1   1   1   1   2   2   1   1   2   2   4   1   1 
  1   2   4   1   1   1   1   1   1   1   1   2   1   1   1   3   2   1   1 
  1   2   3   2   1   1   1   1   1   1   1   1   1   1   2   3   4   2   0 
  1   2  61   2   1   0   1   1   1   1   1   1   1   1   2   3  21   2   0 
  1   4   1   1   0   1   1   1   1   1   1   1   1   1   2   2   4   2   0 
  1   1   4   0   1   1   2   1   2   2   1   1   2   1   2   0  34   1   0 
  0   1  33  10   1  27   1   1   2   3   0   0   1  19   2  12  42   2   0 
  0   0   1   2   2   1   1   1   1   0   0   1   1   1   2   3   2   2   0 
  0   0   0   0   0   0   0   0   0   0   0   0   0   0   0   0   0   0   0 
pass: 0
winrate: 0.599609
= 


