Using 4 thread(s).
RNG seed: 2500417739436635260
BLAS Core: built-in Eigen 3.3.90 library.
Detecting residual layers...v1...256 channels...30 blocks.
Initializing CPU-only evaluation.
Setting max tree size to 3898 MiB and cache size to 433 MiB.
-150.000000 150.000000 0.500000
->
-50.000000 50.000000 10.000000
= 

= 

= 

= 

= 

komi--50.00 policy W
  0   0   0   0   0   0   0   0   0   0   0   0   0   0   0   0   0   0   0 
  0   0   0   0   0   0   0   0   0   0   0   0   0   0   0   0   0   0   0 
  0   0  63   0   0  46   0   0   0  90   1   0   0  44   0   0  25   0   0 
  0   0   0   0   0   0   0   0   0   0   0   0   0   0   0   0   0   0   0 
  0   0   0   0   0   0   0   0   0   0   0   0   0   0   0   0   0   0   0 
  0   0  45   0   0   0   0   0   0   0   0   0   0   0   0   0  38   0   0 
  0   0   0   0   0   0   0   0   0   0   0   0   0   0   0   0   0   0   0 
  0   0   0   0   0   0   0   0   0   0   0   0   0   0   0   0   0   0   0 
  0   0   1   0   0   0   0   0   0   0   0   0   0   0   0   0   1   0   0 
  0   0  81   0   0   0   0   0   0   0   0   0   0   0   0   0  82   0   0 
  0   0   2   0   0   0   0   0   0   0   0   0   0   0   0   0   1   0   0 
  0   0   0   0   0   0   0   0   0   0   0   0   0   0   0   0   0   0   0 
  0   0   0   0   0   0   0   0   0   0   0   0   0   0   0   0   0   0   0 
  0   0  55   0   0   0   0   0   0   0   0   0   0   0   0   0  32   0   0 
  0   0   0   0   0   0   0   0   0   0   0   0   0   0   0   0   0   0   0 
  0   0   0   0   0   0   0   0   0   1   0   0   0   0   0   0   0   0   0 
  0   0  56   0   0  50   0   0   1  71   1   0   0  55   0   0  67   0   0 
  0   0   0   0   0   0   0   0   0   0   0   0   0   0   0   0   0   0   0 
  0   0   0   0   0   0   0   0   0   0   0   0   0   0   0   0   0   0   0 
pass: 0
winrate: 0.000000
komi--40.00 policy W
  0   0   0   0   0   0   0   0   0   0   0   0   0   0   0   0   0   0   0 
  0   0   0   0   0   0   0   0   0   0   0   0   0   0   0   0   0   0   0 
  0   0  12   0   0  49   0   0   0 137   1   0   0  43   0   0   7   0   0 
  0   0   0   0   0   0   0   0   0   1   0   0   0   0   0   0   0   0   0 
  0   0   0   0   0   0   0   0   0   0   0   0   0   0   0   0   0   0   0 
  0   0  50   0   0   0   0   0   0   0   0   0   0   0   0   0  39   0   0 
  0   0   0   0   0   0   0   0   0   0   0   0   0   0   0   0   0   0   0 
  0   0   0   0   0   0   0   0   0   0   0   0   0   0   0   0   0   0   0 
  0   0   1   0   0   0   0   0   0   0   0   0   0   0   0   0   1   0   0 
  0   0 109   0   0   0   0   0   0   0   0   0   0   0   0   0 125   0   0 
  0   0   1   0   0   0   0   0   0   0   0   0   0   0   0   0   1   0   0 
  0   0   0   0   0   0   0   0   0   0   0   0   0   0   0   0   0   0   0 
  0   0   0   0   0   0   0   0   0   0   0   0   0   0   0   0   0   0   0 
  0   0  42   0   0   0   0   0   0   0   0   0   0   0   0   0  30   0   0 
  0   0   0   0   0   0   0   0   0   0   0   0   0   0   0   0   0   0   0 
  0   0   0   0   0   0   0   0   0   1   0   0   0   0   0   0   0   0   0 
  0   0  12   0   0  42   0   0   1 120   1   0   0  54   0   0  31   0   0 
  0   0   0   0   0   0   0   0   0   0   0   0   0   0   0   0   0   0   0 
  0   0   0   0   0   0   0   0   0   0   0   0   0   0   0   0   0   0   0 
pass: 0
winrate: 0.000000
komi--30.00 policy W
  0   0   0   0   0   0   0   0   0   0   0   0   0   0   0   0   0   0   0 
  0   0   0   0   0   0   0   0   0   0   0   0   0   0   0   0   0   0   0 
  0   0   6   0   0  49   0   0   1 141   1   0   0  40   0   0   4   0   0 
  0   0   0   0   0   0   0   0   0   1   0   0   0   0   0   0   0   0   0 
  0   0   0   0   0   0   0   0   0   0   0   0   0   0   0   0   0   0   0 
  0   0  50   0   0   0   0   0   0   0   0   0   0   0   0   0  39   0   0 
  0   0   0   0   0   0   0   0   0   0   0   0   0   0   0   0   0   0   0 
  0   0   0   0   0   0   0   0   0   0   0   0   0   0   0   0   0   0   0 
  0   0   1   0   0   0   0   0   0   0   0   0   0   0   0   0   1   0   0 
  0   0 119   0   0   0   0   0   0   0   0   0   0   0   0   0 142   0   0 
  0   0   1   0   0   0   0   0   0   0   0   0   0   0   0   0   1   0   0 
  0   0   0   0   0   0   0   0   0   0   0   0   0   0   0   0   0   0   0 
  0   0   0   0   0   0   0   0   0   0   0   0   0   0   0   0   0   0   0 
  0   0  32   0   0   0   0   0   0   0   0   0   0   0   0   0  25   0   0 
  0   0   0   0   0   0   0   0   0   0   0   0   0   0   0   0   0   0   0 
  0   0   0   0   0   0   0   0   0   1   0   0   0   0   0   0   0   0   0 
  0   0   8   0   0  36   0   0   1 147   1   0   0  44   0   0  18   0   0 
  0   0   0   0   0   0   0   0   0   0   0   0   0   0   0   0   0   0   0 
  0   0   0   0   0   0   0   0   0   0   0   0   0   0   0   0   0   0   0 
pass: 0
winrate: 0.000000
komi--20.00 policy W
  0   0   0   0   0   0   0   0   0   0   0   0   0   0   0   0   0   0   0 
  0   0   0   0   0   0   0   0   0   0   0   0   0   0   0   0   0   0   0 
  0   0   5   0   0  49   0   0   1 141   1   0   0  39   0   0   3   0   0 
  0   0   0   0   0   0   0   0   0   1   0   0   0   0   0   0   0   0   0 
  0   0   0   0   0   0   0   0   0   0   0   0   0   0   0   0   0   0   0 
  0   0  50   0   0   0   0   0   0   0   0   0   0   0   0   0  40   0   0 
  0   0   0   0   0   0   0   0   0   0   0   0   0   0   0   0   0   0   0 
  0   0   0   0   0   0   0   0   0   0   0   0   0   0   0   0   0   0   0 
  0   0   1   0   0   0   0   0   0   0   0   0   0   0   0   0   1   0   0 
  0   0 119   0   0   0   0   0   0   0   0   0   0   0   0   0 159   0   0 
  0   0   1   0   0   0   0   0   0   0   0   0   0   0   0   0   1   0   0 
  0   0   0   0   0   0   0   0   0   0   0   0   0   0   0   0   0   0   0 
  0   0   0   0   0   0   0   0   0   0   0   0   0   0   0   0   0   0   0 
  0   0  27   0   0   0   0   0   0   0   0   0   0   0   0   0  20   0   0 
  0   0   0   0   0   0   0   0   0   0   0   0   0   0   0   0   0   0   0 
  0   0   0   0   0   0   0   0   0   1   0   0   0   0   0   0   0   0   0 
  0   0   6   0   0  35   0   0   1 160   1   0   0  39   0   0  10   0   0 
  0   0   0   0   0   0   0   0   0   0   0   0   0   0   0   0   0   0   0 
  0   0   0   0   0   0   0   0   0   0   0   0   0   0   0   0   0   0   0 
pass: 0
winrate: 0.000000
komi--10.00 policy W
  0   0   0   0   0   0   0   0   0   0   0   0   0   0   0   0   0   0   0 
  0   0   0   0   0   0   0   0   0   0   0   0   0   0   0   0   0   0   0 
  0   0   4   0   0  65   0   0   1 128   1   0   0  42   0   0   1   0   0 
  0   0   0   0   0   0   0   0   0   1   0   0   0   0   0   0   0   0   0 
  0   0   0   0   0   0   0   0   0   0   0   0   0   0   0   0   0   0   0 
  0   0  68   0   0   0   0   0   0   0   0   0   0   0   0   0  51   0   0 
  0   0   0   0   0   0   0   0   0   0   0   0   0   0   0   0   0   0   0 
  0   0   0   0   0   0   0   0   0   0   0   0   0   0   0   0   0   0   0 
  0   0   1   0   0   0   0   0   0   0   0   0   0   0   0   0   1   0   0 
  0   0  89   0   0   0   0   0   0   0   0   0   0   0   0   0 123   0   0 
  0   0   1   0   0   0   0   0   0   0   0   0   0   0   0   0   0   0   0 
  0   0   0   0   0   0   0   0   0   0   0   0   0   0   0   0   0   0   0 
  0   0   0   0   0   0   0   0   0   0   0   0   0   0   0   0   0   0   0 
  0   0  37   0   0   0   0   0   0   0   0   0   0   0   0   0  21   0   0 
  0   0   0   0   0   0   0   0   0   0   0   0   0   0   0   0   0   0   0 
  0   0   0   0   0   0   0   0   0   1   0   0   0   0   0   0   0   0   0 
  0   0   1   0   0  50   0   0   1 175   1   0   0  44   0   0   5   0   0 
  0   0   0   0   0   0   0   0   0   0   0   0   0   0   0   0   0   0   0 
  0   0   0   0   0   0   0   0   0   0   0   0   0   0   0   0   0   0   0 
pass: 0
winrate: 0.000000
komi-0.00 policy W
  0   0   0   0   0   0   0   0   0   0   0   0   0   0   0   0   0   0   0 
  0   0   0   0   0   0   0   0   0   0   0   0   0   0   0   0   0   0   0 
  0   0   5   0   0  51   0   0   1 146   1   0   0  39   0   0   6   0   0 
  0   0   0   0   0   0   0   0   0   1   0   0   0   0   0   0   0   0   0 
  0   0   0   0   0   0   0   0   0   0   0   0   0   0   0   0   0   0   0 
  0   0  48   0   0   0   0   0   0   0   0   0   0   0   0   0  40   0   0 
  0   0   0   0   0   0   0   0   0   0   0   0   0   0   0   0   0   0   0 
  0   0   0   0   0   0   0   0   0   0   0   0   0   0   0   0   0   0   0 
  0   0   1   0   0   0   0   0   0   0   0   0   0   0   0   0   1   0   0 
  0   0 112   0   0   0   0   0   0   0   0   0   0   0   0   0 186   0   0 
  0   0   1   0   0   0   0   0   0   0   0   0   0   0   0   0   1   0   0 
  0   0   0   0   0   0   0   0   0   0   0   0   0   0   0   0   0   0   0 
  0   0   0   0   0   0   0   0   0   0   0   0   0   0   0   0   0   0   0 
  0   0  23   0   0   0   0   0   0   0   0   0   0   0   0   0  21   0   0 
  0   0   0   0   0   0   0   0   0   0   0   0   0   0   0   0   0   0   0 
  0   0   0   0   0   0   0   0   0   1   0   0   0   0   0   0   0   0   0 
  0   0   5   0   0  36   0   0   1 135   1   0   0  36   0   0  14   0   0 
  0   0   0   0   0   0   0   0   0   0   0   0   0   0   0   0   0   0   0 
  0   0   0   0   0   0   0   0   0   0   0   0   0   0   0   0   0   0   0 
pass: 0
winrate: 0.000007
komi-10.00 policy W
  0   0   0   0   0   0   0   0   0   0   0   0   0   0   0   0   0   0   0 
  0   0   0   0   0   0   0   0   0   0   0   0   0   0   0   0   0   0   0 
  0   0  12   0   0  42   0   0   0 133   1   0   0  33   0   0  35   0   0 
  0   0   0   0   0   0   0   0   0   0   0   0   0   0   0   0   0   0   0 
  0   0   0   0   0   0   0   0   0   0   0   0   0   0   0   0   0   0   0 
  0   0  32   0   0   0   0   0   0   0   0   0   0   0   0   0  34   0   0 
  0   0   0   0   0   0   0   0   0   0   0   0   0   0   0   0   0   0   0 
  0   0   0   0   0   0   0   0   0   0   0   0   0   0   0   0   0   0   0 
  0   0   1   0   0   0   0   0   0   0   0   0   0   0   0   0   1   0   0 
  0   0 101   0   0   0   0   0   0   0   0   0   0   0   0   0 207   0   0 
  0   0   1   0   0   0   0   0   0   0   0   0   0   0   0   0   1   0   0 
  0   0   0   0   0   0   0   0   0   0   0   0   0   0   0   0   0   0   0 
  0   0   0   0   0   0   0   0   0   0   0   0   0   0   0   0   0   0   0 
  0   0  16   0   0   0   0   0   0   0   0   0   0   0   0   0  16   0   0 
  0   0   0   0   0   0   0   0   0   0   0   0   0   0   0   0   0   0   0 
  0   0   0   0   0   0   0   0   0   0   0   0   0   0   0   0   0   0   0 
  0   0  37   0   0  26   0   0   0 110   1   0   0  34   0   0  43   0   0 
  0   0   0   0   0   0   0   0   0   0   0   0   0   0   0   0   0   0   0 
  0   0   0   0   0   0   0   0   0   0   0   0   0   0   0   0   0   0   0 
pass: 0
winrate: 0.000573
komi-20.00 policy W
  0   0   0   0   0   0   0   0   0   0   0   0   0   0   0   0   0   0   0 
  0   0   0   0   0   0   0   0   0   0   0   0   0   0   0   0   0   0   0 
  0   0   6   0   0  44   0   0   1 156   1   0   0  36   0   0  19   0   0 
  0   0   0   0   0   0   0   0   0   1   0   0   0   0   0   0   0   0   0 
  0   0   0   0   0   0   0   0   0   0   0   0   0   0   0   0   0   0   0 
  0   0  36   0   0   0   0   0   0   0   0   0   0   0   0   0  34   0   0 
  0   0   0   0   0   0   0   0   0   0   0   0   0   0   0   0   0   0   0 
  0   0   0   0   0   0   0   0   0   0   0   0   0   0   0   0   0   0   0 
  0   0   1   0   0   0   0   0   0   0   0   0   0   0   0   0   1   0   0 
  0   0 104   0   0   0   0   0   0   0   0   0   0   0   0   0 208   0   0 
  0   0   1   0   0   0   0   0   0   0   0   0   0   0   0   0   1   0   0 
  0   0   0   0   0   0   0   0   0   0   0   0   0   0   0   0   0   0   0 
  0   0   0   0   0   0   0   0   0   0   0   0   0   0   0   0   0   0   0 
  0   0  22   0   0   0   0   0   0   0   0   0   0   0   0   0  19   0   0 
  0   0   0   0   0   0   0   0   0   0   0   0   0   0   0   0   0   0   0 
  0   0   0   0   0   0   0   0   0   1   0   0   0   0   0   0   0   0   0 
  0   0  12   0   0  31   0   0   1 120   1   0   0  37   0   0  22   0   0 
  0   0   0   0   0   0   0   0   0   0   0   0   0   0   0   0   0   0   0 
  0   0   0   0   0   0   0   0   0   0   0   0   0   0   0   0   0   0   0 
pass: 0
winrate: 0.001955
komi-30.00 policy W
  0   0   0   0   0   0   0   0   0   0   0   0   0   0   0   0   0   0   0 
  0   0   0   0   0   0   0   0   0   0   0   0   0   0   0   0   0   0   0 
  0   0   7   0   0  45   0   0   1 157   1   0   0  39   0   0  17   0   0 
  0   0   0   0   0   0   0   0   0   1   0   0   0   0   0   0   0   0   0 
  0   0   0   0   0   0   0   0   0   0   0   0   0   0   0   0   0   0   0 
  0   0  37   0   0   0   0   0   0   0   0   0   0   0   0   0  32   0   0 
  0   0   0   0   0   0   0   0   0   0   0   0   0   0   0   0   0   0   0 
  0   0   0   0   0   0   0   0   0   0   0   0   0   0   0   0   0   0   0 
  0   0   1   0   0   0   0   0   0   0   0   0   0   0   0   0   1   0   0 
  0   0  99   0   0   0   0   0   0   0   0   0   0   0   0   1 203   0   0 
  0   0   1   0   0   0   0   0   0   0   0   0   0   0   0   0   1   0   0 
  0   0   0   0   0   0   0   0   0   0   0   0   0   0   0   0   0   0   0 
  0   0   0   0   0   0   0   0   0   0   0   0   0   0   0   0   0   0   0 
  0   0  26   0   0   0   0   0   0   0   0   0   0   0   0   0  22   0   0 
  0   0   0   0   0   0   0   0   0   0   0   0   0   0   0   0   0   0   0 
  0   0   0   0   0   0   0   0   0   1   0   0   0   0   0   0   0   0   0 
  0   0  12   0   0  31   0   0   1 116   1   0   0  40   0   0  22   0   0 
  0   0   0   0   0   0   0   0   0   0   0   0   0   0   0   0   0   0   0 
  0   0   0   0   0   0   0   0   0   0   0   0   0   0   0   0   0   0   0 
pass: 0
winrate: 0.011082
komi-40.00 policy W
  0   0   0   0   0   0   0   0   0   0   0   0   0   0   0   0   0   0   0 
  0   0   0   0   0   0   0   0   0   0   0   0   0   0   0   0   0   0   0 
  0   0  11   0   0  43   0   0   1 150   1   0   0  38   0   0  18   0   0 
  0   0   0   0   0   0   0   0   0   1   0   0   0   0   0   0   0   0   0 
  0   0   0   0   0   0   0   0   0   0   0   0   0   0   0   0   0   0   0 
  0   0  36   0   0   0   0   0   0   0   0   0   0   0   0   0  31   0   0 
  0   0   0   0   0   0   0   0   0   0   0   0   0   0   0   0   0   0   0 
  0   0   0   0   0   0   0   0   0   0   0   0   0   0   0   0   0   0   0 
  0   0   1   0   0   0   0   0   0   0   0   0   0   0   0   0   1   0   0 
  0   0  94   0   0   0   0   0   0   0   0   0   0   0   0   1 212   0   0 
  0   0   1   0   0   0   0   0   0   0   0   0   0   0   0   0   1   0   0 
  0   0   0   0   0   0   0   0   0   0   0   0   0   0   0   0   0   0   0 
  0   0   0   0   0   0   0   0   0   0   0   0   0   0   0   0   0   0   0 
  0   0  27   0   0   0   0   0   0   0   0   0   0   0   0   0  23   0   0 
  0   0   0   0   0   0   0   0   0   0   0   0   0   0   0   0   0   0   0 
  0   0   0   0   0   0   0   0   0   1   0   0   0   0   0   0   0   0   0 
  0   0  11   0   0  30   0   0   1 115   1   0   0  43   0   0  25   0   0 
  0   0   0   0   0   0   0   0   0   0   0   0   0   0   0   0   0   0   0 
  0   0   0   0   0   0   0   0   0   0   0   0   0   0   0   0   0   0   0 
pass: 0
winrate: 0.032157
komi-50.00 policy W
  0   0   0   0   0   0   0   0   0   0   0   0   0   0   0   0   0   0   0 
  0   0   0   0   0   0   0   0   0   0   0   0   0   0   0   0   0   0   0 
  0   0  12   0   0  38   0   0   0 153   1   0   0  33   0   0  20   0   0 
  0   0   0   0   0   0   0   0   0   1   0   0   0   0   0   0   0   0   0 
  0   0   0   0   0   0   0   0   0   0   0   0   0   0   0   0   0   0   0 
  0   0  36   0   0   0   0   0   0   0   0   0   0   0   0   0  29   0   0 
  0   0   0   0   0   0   0   0   0   0   0   0   0   0   0   0   0   0   0 
  0   0   0   0   0   0   0   0   0   0   0   0   0   0   0   0   0   0   0 
  0   0   1   0   0   0   0   0   0   0   0   0   0   0   0   0   1   0   0 
  0   0  92   0   0   0   0   0   0   0   0   0   0   0   0   1 234   0   0 
  0   0   1   0   0   0   0   0   0   0   0   0   0   0   0   0   1   0   0 
  0   0   0   0   0   0   0   0   0   0   0   0   0   0   0   0   0   0   0 
  0   0   0   0   0   0   0   0   0   0   0   0   0   0   0   0   0   0   0 
  0   0  26   0   0   0   0   0   0   0   0   0   0   0   0   0  22   0   0 
  0   0   0   0   0   0   0   0   0   0   0   0   0   0   0   0   0   0   0 
  0   0   0   0   0   0   0   0   0   1   0   0   0   0   0   0   0   0   0 
  0   0   7   0   0  31   0   0   1 112   1   0   0  43   0   0  23   0   0 
  0   0   0   0   0   0   0   0   0   0   0   0   0   0   0   0   0   0   0 
  0   0   0   0   0   0   0   0   0   0   0   0   0   0   0   0   0   0   0 
pass: 0
winrate: 0.073855
= 


